local OrionLib = loadstring(game:HttpGet(('https://raw.githubusercontent.com/Seven7-lua/Roblox/refs/heads/main/Librarys/Orion/Orion.lua')))()
local Window = OrionLib:MakeWindow({Name = "Shadow Hub", HidePremium = false, SaveConfig = true, ConfigFolder = "OrionTest"})
local Tab = Window:MakeTab({
    Name = "Main",
    Icon = "rbxassetid://4483345998",
    PremiumOnly = false
})
local Tab2 = Window:MakeTab({
    Name = "Teleporting",
    Icon = "rbxassetid://4483345998",
    PremiumOnly = false
})
local Section = Tab:AddSection({
    Name = "Bấm Vào Bật Tắt Kill Aura"
})
Tab:AddButton({
    Name = "kill Aura",
    Callback = function()
getgenv().G = true
getgenv().Creator = 'https://discord.gg/B3HqPPzFYr - HalloweenGaster'
while getgenv().G and getgenv().Creator == 'https://discord.gg/B3HqPPzFYr - HalloweenGaster' do
wait(0.9)
sethiddenproperty(game.Players.LocalPlayer, "SimulationRadius", 112412400000)
sethiddenproperty(game.Players.LocalPlayer, "MaxSimulationRadius", 112412400000)
for i,d in pairs(game.Workspace:GetDescendants()) do
    if d.ClassName == 'Humanoid' and d.Parent.Name ~= game.Players.LocalPlayer.Name then
        d.Health = 0
    end
end
end
              print("button pressed")
      end    
})

--[[
Name = <string> - The name of the button.
Callback = <function> - The function of the button.
]]
Tab:AddButton({
    Name = "tắt kill aura",
    Callback = function()
getgenv().G = false
getgenv().Creator = 'https://discord.gg/B3HqPPzFYr - HalloweenGaster'
while getgenv().G and getgenv().Creator == 'https://discord.gg/B3HqPPzFYr - HalloweenGaster' do
wait(0.9)
sethiddenproperty(game.Players.LocalPlayer, "SimulationRadius", 112412400000)
sethiddenproperty(game.Players.LocalPlayer, "MaxSimulationRadius", 112412400000)
for i,d in pairs(game.Workspace:GetDescendants()) do
    if d.ClassName == 'Humanoid' and d.Parent.Name ~= game.Players.LocalPlayer.Name then
        d.Health = 0
    end
end
end
print("button pressed")
      end    
})

--[[
Name = <string> - The name of the button.
Callback = <function> - The function of the button.
]]
local Section = Tab:AddSection({
    Name = "Chọn 1 Không Được Thì 2 Nếu 2 Không được thì 3"
})
Tab:AddButton({
    Name = "Auto quest 1",
    Callback = function()
while wait() do
    game:GetService("Players").LocalPlayer.PlayerGui.QuestTake.Accept1.RemoteEvent:FireServer()
end
              print("button pressed")
      end  
})

--[[
Name = <string> - The name of the button.
Callback = <function> - The function of the button.
]]
Tab:AddButton({
    Name = "Auto Quest 2",
    Callback = function()
while wait() do
    game:GetService("Players").LocalPlayer.PlayerGui.QuestTake.Accept2.RemoteEvent:FireServer()
end
              print("button pressed")
      end    
})

--[[
Name = <string> - The name of the button.
Callback = <function> - The function of the button.
]]
Tab:AddButton({
    Name = "Auto Quest 3",
    Callback = function()
while wait() do
    game:GetService("Players").LocalPlayer.PlayerGui.QuestTake.Accept3.RemoteEvent:FireServer()
end
              print("button pressed")
      end    
})

--[[
Name = <string> - The name of the button.
Callback = <function> - The function of the button.
]]
local Section = Tab2:AddSection({
    Name = "Sea 1"
})
Tab2:AddButton({
    Name = "Đảo Đầu Tiên",
    Callback = function()
game.Players.LocalPlayer.Character.HumanoidRootPart.CFrame = CFrame.new(485.583771, 35.5632935, -511.945404, 0.0462093353, -0, -0.998931766, 0, 1, -0, 0.998931766, 0, 0.0462093353)  
              print("button pressed")
      end    
})

--[[
Name = <string> - The name of the button.
Callback = <function> - The function of the button.
]]
Tab2:AddButton({
    Name = "Đảo Băng",
    Callback = function()
game.Players.LocalPlayer.Character.HumanoidRootPart.CFrame = CFrame.new(-915.918945, 33.7605095, 282.443604, 0.842441916, 0, 0.538787186, 0, 1, 0, -0.538787186, 0, 0.842441916)
              print("button pressed")
      end    
})

--[[
Name = <string> - The name of the button.
Callback = <function> - The function of the button.
]]
Tab2:AddButton({
    Name = "Đảo Sa Mạc",
    Callback = function()
game.Players.LocalPlayer.Character.HumanoidRootPart.CFrame = CFrame.new(-708.765259, 69.1108398, 1745.13916, 0.074960649, 0, 0.997186482, 0, 1, 0, -0.997186482, 0, 0.074960649)
              print("button pressed")
      end    
})

--[[
Name = <string> - The name of the button.
Callback = <function> - The function of the button.
]]
Tab2:AddButton({
    Name = "Đảo Sky",
    Callback = function()
game.Players.LocalPlayer.Character.HumanoidRootPart.CFrame = CFrame.new(-4594.52393, 4279.44092, 474.423523, -1, 0, 0, 0, 1, 0, 0, 0, -1)
              print("button pressed")
      end    
})

--[[
Name = <string> - The name of the button.
Callback = <function> - The function of the button.
]]
Tab2:AddButton({
    Name = "Đảo End",
    Callback = function()
game.Players.LocalPlayer.Character.HumanoidRootPart.CFrame = CFrame.new(-2223.75146, 36.3414612, 1965.90369, 0.125216246, 0, 0.992129445, 0, 1, 0, -0.992129445, 0, 0.125216246)
              print("button pressed")
      end    
})

--[[
Name = <string> - The name of the button.
Callback = <function> - The function of the button.
]]
Tab2:AddButton({
    Name = "Đảo Minhmama",
    Callback = function()
game.Players.LocalPlayer.Character.HumanoidRootPart.CFrame = CFrame.new(2569.90283, 51.1074524, -65.4458542, -0.448728085, 0, -0.893668413, 0, 1, 0, 0.893668413, 0, -0.448728085)
              print("button pressed")
      end    
})

--[[
Name = <string> - The name of the button.
Callback = <function> - The function of the button.
]]
Tab2:AddButton({
    Name = "Đảo Dark",
    Callback = function()
game.Players.LocalPlayer.Character.HumanoidRootPart.CFrame = CFrame.new(-3465.68188, 66.2542191, 3718.19531, 0.667211115, 0, 0.744868755, 0, 1, 0, -0.744868755, 0, 0.667211115)
              print("button pressed")
      end    
})

--[[
Name = <string> - The name of the button.
Callback = <function> - The function of the button.
]]
local Section = Tab2:AddSection({
    Name = "Sea 2"
})
Tab2:AddButton({
    Name = "Kaido Island",
    Callback = function()
game.Players.LocalPlayer.Character.HumanoidRootPart.CFrame = CFrame.new(-684.14502, 87685.5781, 789.73584, 0, 0, -1, 0, 1, 0, 1, 0, 0)
              print("button pressed")
      end    
})

--[[
Name = <string> - The name of the button.
Callback = <function> - The function of the button.
]]
Tab2:AddButton({
    Name = "Platinum island",
    Callback = function()
game.Players.LocalPlayer.Character.HumanoidRootPart.CFrame = CFrame.new(-1258.6687, 87692.4062, 3259.96802, 1, 0, 0, 0, 1, 0, 0, 0, 1)
              print("button pressed")
      end    
})

--[[
Name = <string> - The name of the button.
Callback = <function> - The function of the button.
]]
Tab2:AddButton({
    Name = "Marine",
    Callback = function()
game.Players.LocalPlayer.Character.HumanoidRootPart.CFrame = CFrame.new(-152.977585, 87739.8125, -2122.23975, -0.0395209789, 0, -0.999218762, 0, 1, 0, 0.999218762, 0, -0.0395209789)
              print("button pressed")
      end    
})

--[[
Name = <string> - The name of the button.
Callback = <function> - The function of the button.
]]
Tab2:AddButton({
    Name = "Nickbeo Island",
    Callback = function()
game.Players.LocalPlayer.Character.HumanoidRootPart.CFrame = CFrame.new(-1601.22681, 87697.5312, 637.266418, 0.996686876, 0, 0.0813342109, 0, 1, 0, -0.0813342109, 0, 0.996686876)
              print("button pressed")
      end    
})

--[[
Name = <string> - The name of the button.
Callback = <function> - The function of the button.
]]
Tab2:AddButton({
    Name = "Garou Island",
    Callback = function()
game.Players.LocalPlayer.Character.HumanoidRootPart.CFrame = CFrame.new(1541.55737, 87695.0469, 954.635437, 0.0374859571, -0, -0.999297142, 0, 1, -0, 0.999297142, 0, 0.0374859571)
              print("button pressed")
      end    
})

--[[
Name = <string> - The name of the button.
Callback = <function> - The function of the button.
]]
Tab2:AddButton({
    Name = "Sukuna Island",
    Callback = function()
game.Players.LocalPlayer.Character.HumanoidRootPart.CFrame = CFrame.new(1471.48584, 87687.3672, 2764.55981, -0.267457128, 0, -0.96356976, 0, 1, 0, 0.96356976, 0, -0.267457128)
              print("button pressed")
      end    
})

--[[
Name = <string> - The name of the button.
Callback = <function> - The function of the button.
]]
Tab2:AddButton({
    Name = "Gab Island",
    Callback = function()
game.Players.LocalPlayer.Character.HumanoidRootPart.CFrame = CFrame.new(2025.81213, 87695.3828, -46.9879875, 0.987013221, -0, -0.160639092, 0, 1, -0, 0.160639092, 0, 0.987013221)
              print("button pressed")
      end    
})

--[[
Name = <string> - The name of the button.
Callback = <function> - The function of the button.
]]
Tab2:AddButton({
    Name = "Cid or Geto Island",
    Callback = function()
game.Players.LocalPlayer.Character.HumanoidRootPart.CFrame = CFrame.new(1482.51721, 87706.4375, -1144.99609, -0.0386834145, 0, 0.999251485, 0, 1, 0, -0.999251485, 0, -0.0386834145)
              print("button pressed")
      end    
})

--[[
Name = <string> - The name of the button.
Callback = <function> - The function of the button.
]]
Tab2:AddButton({
    Name = "Sun Island",
    Callback = function()
game.Players.LocalPlayer.Character.HumanoidRootPart.CFrame = CFrame.new(1693.61707, 87715.1016, -2305.56885, 0.926519036, -0, -0.376247913, 0, 1, -0, 0.376247913, 0, 0.926519036)
              print("button pressed")
      end    
})

--[[
Name = <string> - The name of the button.
Callback = <function> - The function of the button.
]]
local Section = Tab:AddSection({
    Name = "👇Bấm vào có thể Buff Hp Sever càng đông càng tốt👇"
})
Tab:AddButton({
    Name = "Buff Hp",
    Callback = function()
local Players = game:GetService("Players")
    local armors = {"Cursed-Armor", "Unique-Armor", "Darkness-Armor", "Thunder-Armor", "Thunder-Armor", "Diamond-Armor", "Golden-Armor", "Epic-Armor", "Iron-Armor", "Wooden-Armor"}
    for _, player in pairs(Players:GetPlayers()) do
        local backpack = player:FindFirstChild("Backpack")
        if backpack then
            for _, armorName in pairs(armors) do
                local armor = backpack:FindFirstChild(armorName)
                if armor and armor:FindFirstChild("K") and armor.K:FindFirstChild("Fire") then
                    armor.K.Fire:FireServer()
                end
            end
        end
    end
              print("button pressed")
      end    
})

--[[
Name = <string> - The name of the button.
Callback = <function> - The function of the button.
]]
